Richard:72,5,19,54,4,59,65,64
Christopher:6,17,21,10,28,14
nobita:16,1,24,18,7,13,11,6
Joshua:6,16,21,28,33,29
Brittany:70,5,19,67,4,43,69,15
Amanda:6,13,21,33,34,14
Crystal:76,5,19,60,4,64,42,46
Jeffrey:74,5,19,60,4,11,13,15
melissa:5,7,1,10,14,17
varun:7,17,5,11,9,2
Brian:50,35,43,26,2,17,37,9
Brandon:6,29,21,37,43,14
Heather:54,50,41,26,2,39,52,9
Thomas:62,11,14,26,2,44,38,9
Joseph:6,32,21,16,40,29
dgrason:1,3,7,14,13,12
Nicole:51,16,34,26,2,47,30,9
norman:21,58,23,78,19,44,5,13
king:2,7,9,10,13,15
Amber:69,5,19,16,4,60,62,64
Amy:75,5,19,69,4,30,28,17
Megan:58,31,13,26,2,50,51,9
Jessica:6,27,21,28,29,14
sheldon:13,1,7,9,20,17
Michael:6,12,21,11,27,14
bengio:21,11,6,13,8,22
Ryan:6,27,21,41,42,36
Daniel:6,29,21,12,35,31
David:6,28,21,31,36,17
Adam:57,31,13,26,2,51,34,9
Elizabeth:56,40,47,26,2,31,44,9
John:6,33,21,37,39,14
bob:13,2,12,4,7,6
obama:9,15,18,19,1,12
William:47,29,34,26,2,39,38,9
Justin:45,31,13,26,2,37,38,9
Jason:6,28,21,42,44,43
Laura:67,5,19,61,4,13,60,66
Lauren:68,5,19,62,4,14,42,47
Andrew:6,35,21,33,41,37
katie:3,9,8,11,14,17
Danielle:71,5,19,29,4,54,48,46
Jennifer:6,11,21,16,32,28
Markel:59,16,17,26,2,39,13,9
Christina:64,40,46,26,2,44,57,9
Sarah:46,13,28,26,2,17,12,9
Kimberly:73,5,19,16,4,52,15,30
Rachel:66,5,19,53,4,50,60,30
James:6,35,21,10,37,14
Stephanie:49,16,46,26,2,29,42,9
Nicholas:52,49,46,26,2,50,51,9
Timothy:63,49,46,26,2,39,62,9
xing-chan:21,25,12,11,4,6,16
Eric:55,49,46,26,2,35,30,9
Kyle:65,5,19,45,4,50,34,11
husky:16,2,8,1,12,13
Steven:61,43,34,26,2,53,15,9
sachin:8,2,9,4,17,10
sonia:1,2,6,10,13,4
kumar:9,15,11,6,21,23,10
Ashley:6,29,21,16,31,14
alice:2,8,6,17,1,12
Jonathan:48,31,33,26,2,13,14,9
Kevin:60,59,31,26,2,55,10,9
rajesh:7,4,9,18,17,15
jill:16,11,1,24,7,26
Matthew:6,15,21,13,30,17
raja:15,16,6,3,4,8
Anthony:53,14,46,26,2,33,52,9
chang:2,1,6,12,9,14
penny:20,21,13,19,6,14
aravind:77,1,61,3,42,60,22,20
milky:6,4,7,14,12,13
aaron:8,3,1,10,7,11
Robert:6,10,21,33,38,32
parker:14,12,13,6,8,7
gates:8,14,6,3,5,12
bay:9,2,17,3,16,11
